10	 0.0    17842
10	 0.001369476318359375	17802
12	 0.0005097389221191406	17797
12	 0.0005099773406982422	17789
12	 0.0	17845
13	 0.0013988018035888672	17773
13	 0.0	17765
13	 0.0017881393432617188	17813
14	 0.0	17933
14	 0.0	17794
14	 0.0010347366333007812	17789
15	 0.0	17778
15	 0.0005075931549072266	17778
15	 0.0013415813446044922	17781
20	 0.0017406940460205078	17781
20	 0.0017504692077636719	17781
20	 0.0010075569152832031	17970
50	 0.008430957794189453	24129
50	 0.011205673217773438	22452
50	 0.009564876556396484	22452
100	 0.04781794548034668	78974
100	 0.03601861000061035	90302
100	 0.038193702697753906	77336
500	 2.000947952270508	7042655
500	 2.0400068759918213	7090459
500	 2.113638401031494	7370905
1000    10.228894233703613	34293885
1000    9.892652034759521	34006499
1000    10.15333366394043	34263153
2000    43.572041511535645	140419720
2000    44.16867470741272	141018966
2000    43.7045681476593	138670674
3000    104.3288345336914	325400851
3000    82.50903153419495	324187759
3000    80.67605948448181	323417106
3000    81.64330625534058	323439830
5000    226.14892888069153	902198036
5000    224.0289888381958	897914771
5000    225.57679176330566	891756290
8000    577.1516480445862	2307027164
8000    569.458381652832	2298105034
8000	539.9120664596558	2295841704